4294967293,131
4294967293,130
4294967293,129
4294967293,128
4294967293,127
4294967293,126
4294967293,125
4294967293,124
4294967293,123
4294967293,122
4294967293,121
4294967293,120
4294967293,119
4294967293,118
4294967293,117
4294967293,116
4294967293,115
4294967293,114
4294967293,113
4294967293,112
4294967293,111
4294967293,110
4294967293,109
4294967293,108
4294967293,107
4294967293,106
4294967293,105
4294967293,104
4294967293,103
4294967293,102
4294967293,101
4294967293,100
4294967293,99
4294967293,98
4294967293,97
4294967293,96
4294967293,95
4294967293,94
4294967293,93
4294967293,92
4294967293,91
4294967293,90
4294967293,89
4294967293,87
4294967293,86
4294967293,85
4294967293,84
4294967293,83
4294967293,82
4294967293,81
4294967293,80
4294967293,79
4294967293,78
4294967293,77
4294967293,76
4294967293,75
4294967293,74
4294967293,73
4294967293,72
4294967293,71
4294967293,70
4294967293,69
4294967293,68
4294967293,67
4294967293,66
4294967293,65
4294967293,64
4294967293,63
4294967293,62
4294967293,61
4294967293,60
4294967293,59
4294967293,58
4294967293,57
4294967293,56
4294967293,55
4294967293,54
4294967293,53
4294967293,52
4294967293,51
4294967293,50
4294967293,49
4294967293,48
4294967293,47
4294967293,46
4294967293,45
4294967293,44
4294967293,43
4294967293,42
4294967293,41
4294967293,40
4294967293,39
4294967293,38
4294967293,37
4294967293,36
4294967293,35
4294967293,34
4294967293,33
4294967293,32
4294967293,31
4294967293,30
4294967293,29
4294967293,28
4294967293,27
4294967293,26
4294967293,25
4294967293,24
4294967293,23
4294967293,22
4294967293,21
4294967293,20
4294967293,19
4294967293,18
4294967293,17
4294967293,16
4294967293,15
4294967293,14
4294967293,13
4294967293,12
4294967293,11
4294967293,10
4294967293,9
4294967293,8
4294967293,7
4294967293,6
4294967293,5
4294967293,4
4294967293,3
4294967278,132
4294967278,131
4294967278,130
4294967278,129
4294967278,128
4294967278,127
4294967278,126
4294967278,125
4294967278,124
4294967278,123
4294967278,122
4294967278,121
4294967278,120
4294967278,119
4294967278,118
4294967278,117
4294967278,116
4294967278,242
4294967278,115
4294967278,114
4294967278,113
4294967278,112
4294967278,109
4294967278,227
4294967278,106
4294967278,336
4294967278,338
4294967278,213
4294967278,99
4294967278,98
4294967278,97
4294967278,540
4294967278,96
4294967278,95
4294967278,94
4294967278,90
4294967278,89
4294967278,86
4294967278,335
4294967278,78
4294967278,71
4294967278,337
4294967278,68
4294967278,67
4294967278,63
4294967278,62
4294967278,60
4294967278,59
4294967278,58
4294967278,57
4294967278,55
4294967278,54
4294967278,53
4294967278,52
4294967278,51
4294967278,50
4294967278,49
4294967278,48
4294967278,47
4294967278,46
4294967278,45
4294967278,42
4294967278,41
4294967278,40
4294967278,38
4294967278,37
4294967278,35
4294967278,32
4294967278,30
4294967278,22
4294967278,21
4294967278,569
4294967278,20
4294967278,18
4294967278,17
4294967278,16
4294967278,15
4294967278,14
4294967278,13
4294967278,11
4294967278,280
4294967278,10
4294967278,9
4294967278,8
4294967278,278
4294967278,7
4294967278,6
4294967278,88
4294967278,2
4294967278,342
4294967278,5
4294967278,4
4294967279,114
4294967279,110
4294967279,230
4294967279,109
4294967279,402
4294967279,97
4294967279,87
4294967279,72
4294967279,64
4294967279,63
4294967279,62
4294967279,404
4294967279,401
4294967279,53
4294967279,49
4294967279,36
4294967279,33
4294967279,20
4294967279,18
4294967279,17
4294967279,275
4294967279,15
4294967279,14
4294967279,13
4294967279,11
4294967279,10
4294967279,280
4294967279,174
4294967294,737
4294967294,8
4294967294,9
4294967278,333
4294967279,403
4294967279,239
4294967278,233
4294967294,425
4294967294,437
4294967294,1568
4294967294,1627
4294967294,1626
4294967294,1420
4294967294,1985
4294967294,1069
4294967294,1581
4294967294,129
1,3
1,0
4294967294,936
4294967294,935
4294967294,934
4294967294,933
4294967294,931
4294967294,928
4294967294,927
4294967294,926
4294967294,924
4294967294,923
4294967294,922
4294967294,921
4294967294,920
4294967294,919
4294967294,1582
4294967294,916
4294967294,915
4294967294,912
4294967294,907
4294967294,906
4294967294,905
4294967294,904
4294967294,903
4294967294,902
4294967294,901
4294967294,899
4294967294,897
4294967294,895
4294967294,894
4294967294,892
4294967294,716
4294967294,888
4294967294,887
4294967294,884
4294967294,882
4294967294,879
4294967294,878
4294967294,872
4294967294,871
4294967294,870
4294967294,869
4294967294,866
4294967294,863
4294967294,862
4294967294,859
4294967294,858
4294967294,857
4294967294,854
4294967294,853
4294967294,852
4294967294,845
4294967294,844
4294967294,843
4294967294,841
4294967294,840
4294967294,837
4294967294,1989
4294967294,835
4294967294,833
4294967294,831
4294967294,828
4294967294,827
4294967294,826
4294967294,825
4294967294,823
4294967294,822
4294967294,820
4294967294,818
4294967294,817
4294967294,816
4294967294,813
4294967294,812
4294967294,810
4294967294,809
4294967294,808
4294967294,807
4294967294,803
4294967294,801
4294967294,799
4294967294,798
4294967294,797
4294967294,796
4294967294,795
4294967294,794
4294967294,791
4294967294,789
4294967294,787
4294967294,786
4294967294,785
4294967294,784
4294967294,782
4294967294,781
4294967294,780
4294967294,779
4294967294,776
4294967294,774
4294967294,729
4294967294,773
4294967294,771
4294967294,706
4294967294,770
4294967294,769
4294967294,768
4294967294,426
4294967294,702
4294967294,701
4294967294,700
4294967294,699
4294967294,698
4294967294,697
4294967294,696
4294967294,695
4294967294,694
4294967294,693
4294967294,692
4294967294,691
4294967294,690
4294967294,689
4294967294,688
4294967294,687
4294967294,686
4294967294,1156
4294967294,685
4294967294,684
4294967294,683
4294967294,682
4294967294,680
4294967294,678
4294967294,573
4294967294,675
4294967294,673
4294967294,672
4294967294,671
4294967294,0
4294967294,670
4294967294,669
4294967294,662
4294967294,661
4294967294,660
4294967294,659
4294967294,658
4294967294,654
4294967294,650
4294967294,648
4294967294,646
4294967294,643
4294967294,642
4294967294,639
4294967294,638
4294967294,633
4294967294,632
4294967294,630
4294967294,628
4294967294,627
4294967294,1162
4294967294,624
4294967294,623
4294967294,621
4294967294,620
4294967294,619
4294967294,618
4294967294,616
4294967294,615
4294967294,612
4294967294,609
4294967294,607
4294967294,606
4294967294,605
4294967294,602
4294967294,600
4294967294,599
4294967294,595
4294967294,591
4294967294,590
4294967294,587
4294967294,585
4294967294,584
4294967294,583
4294967294,580
4294967294,577
4294967294,576
4294967294,558
4294967294,557
4294967294,556
4294967294,549
4294967294,547
4294967294,1154
4294967294,546
4294967294,545
4294967294,543
4294967294,541
4294967294,1566
4294967294,565
4294967294,536
4294967294,535
4294967294,534
4294967294,533
4294967294,704
4294967294,532
4294967294,567
4294967294,569
4294967294,531
4294967294,717
4294967294,530
4294967294,529
4294967294,528
4294967294,715
4294967294,527
4294967294,574
4294967294,714
4294967294,561
4294967294,526
4294967294,575
4294967294,814
4294967294,563
4294967294,709
4294967294,811
4294967294,572
4294967294,1583
4294967294,1153
4294967294,1152
4294967294,1875
4294967294,1920
4294967294,1874
4294967294,1953
4294967294,1869
4294967294,1954
4294967294,1868
4294967294,434
4294967294,1867
4294967294,1925
4294967294,1968
4294967294,1962
4294967294,1961
4294967294,1944
4294967294,445
4294967294,417
4294967294,416
4294967294,419
4294967294,439
4294967294,522
4294967294,1436
4294967294,1866
4294967294,725
4294967294,386
4294967294,1865
4294967294,1947
4294967294,436
4294967294,1864
4294967294,1098
4294967294,1929
4294967294,1863
4294967294,1938
4294967294,1862
4294967294,1928
4294967294,1933
4294967294,1956
4294967294,1960
4294967294,1858
4294967294,506
4294967294,1930
4294967294,1856
4294967294,454
4294967294,1952
4294967294,1948
4294967294,1940
4294967294,390
4294967294,1936
4294967294,1934
4294967294,1935
4294967294,1931
4294967294,1587
4294967294,1927
4294967294,1597
4294967294,1943
4294967294,1596
4294967294,1595
4294967294,1591
4294967294,1157
4294967294,1924
4294967294,1786
4294967294,1785
4294967294,1784
4294967294,1783
4294967294,1782
4294967294,1780
4294967294,1779
4294967294,1778
4294967294,1777
4294967294,1776
4294967294,1775
4294967294,1774
4294967294,1773
4294967294,1772
4294967294,1771
4294967294,1781
4294967294,1770
4294967278,328
4294967279,396
4294967279,395
4294967278,327
4294967279,394
4294967279,393
4294967279,391
4294967278,332
4294967294,1999
4294967294,164
4294967294,452
4294967294,453
4294967294,415
4294967294,449
4294967294,189
4294967294,188
4294967294,392
4294967294,400
4294967294,402
4294967294,399
4294967294,389
4294967294,397
4294967294,393
4294967294,405
4294967294,451
4294967294,401
4294967294,406
4294967294,1986
4294967294,438
4294967294,177
4294967294,176
4294967294,1155
4294967294,1585
4294967294,186
4294967294,171
4294967294,165
4294967294,179
4294967294,185
4294967294,187
4294967294,160
4294967294,156
4294967294,396
4294967294,395
4294967294,427
4294967294,385
4294967294,1546
4294967294,121
4294967294,1544
4294967294,1543
4294967294,1541
4294967294,1610
4294967294,1609
4294967294,1611
4294967294,1607
4294967294,120
4294967294,75
4294967294,1540
4294967294,1542
4294967294,1538
4294967294,1537
4294967294,1539
4294967294,1536
4294967294,39
4294967294,1769
4294967294,1768
4294967294,1767
4294967294,1766
4294967294,1765
4294967294,1763
4294967294,1762
4294967294,1761
4294967294,1760
4294967294,1759
4294967294,1758
4294967294,1757
4294967294,1756
4294967294,1755
4294967294,1754
4294967294,1764
4294967294,1753
4294967294,1752
4294967294,1751
4294967294,1750
4294967294,1749
4294967294,1748
4294967294,1746
4294967294,1745
4294967294,1744
4294967294,1743
4294967294,1742
4294967294,1741
4294967294,1740
4294967294,1545
4294967294,1739
4294967294,1738
4294967294,1737
4294967294,1747
4294967294,1736
4294967294,1735
4294967294,1734
4294967294,1733
4294967294,1732
4294967294,1731
4294967294,1729
4294967294,1471
4294967294,1728
4294967294,1727
4294967294,1726
4294967294,1725
4294967294,1724
4294967294,1723
4294967294,1722
4294967294,1721
4294967294,1720
4294967294,1730
4294967294,1719
4294967294,1718
4294967294,1717
4294967294,1716
4294967294,1715
4294967294,1714
4294967294,1712
4294967294,1711
4294967294,1710
4294967294,1709
4294967294,1708
4294967294,1707
4294967294,1706
4294967294,1705
4294967294,1704
4294967294,1703
4294967294,1713
4294967294,1702
4294967294,1701
4294967294,1700
4294967294,1699
4294967294,1698
4294967294,1606
4294967294,1697
4294967294,1695
4294967294,1694
4294967294,1693
4294967294,1692
4294967294,1691
4294967294,1690
4294967294,1689
4294967294,1688
4294967294,1687
4294967294,1686
4294967294,1696
4294967294,1685
4294967294,1684
4294967294,1683
4294967294,1682
4294967294,1681
4294967294,1680
4294967294,1678
4294967294,1677
4294967294,1605
4294967294,1676
4294967294,1675
4294967294,1674
4294967294,1673
4294967294,1672
4294967294,1671
4294967294,1670
4294967294,1669
4294967294,1679
4294967294,1668
4294967294,1667
4294967294,1666
4294967294,1665
4294967294,1664
4294967294,383
4294967294,381
